Features shape : (490, 13)
Target shape   : (490,)

Column names
Index(['CRIM', 'ZN', 'INDUS', 'CHAS', 'NOX', 'RM', 'AGE', 'DIS', 'RAD', 'TAX',
       'PTRATIO', 'B', 'LSTAT', 'MEDV'],
      dtype='object')

Statistical summary
        CRIM     ZN  INDUS   CHAS    NOX     RM    AGE    DIS    RAD    TAX  \
count 490.00 490.00 490.00 490.00 490.00 490.00 490.00 490.00 490.00 490.00   
mean    3.64  11.11  11.11   0.06   0.55   6.25  68.28   3.83   9.51 408.00   
std     8.72  22.84   6.82   0.24   0.12   0.65  28.16   2.11   8.69 168.07   
min     0.01   0.00   0.74   0.00   0.39   3.56   2.90   1.14   1.00 187.00   
25%     0.08   0.00   5.19   0.00   0.45   5.88  44.55   2.11   4.00 280.25   
50%     0.25   0.00   9.69   0.00   0.54   6.18  76.80   3.28   5.00 330.00   
75%     3.65  12.50  18.10   0.00   0.62   6.58  93.88   5.21  24.00 666.00   
max    88.98 100.00  27.74   1.00   0.87   8.78 100.00  12.13  24.00 711.00   

       PTRATIO      B  LSTAT   MEDV  
count   490.00 490.00 490.00 490.00  
mean     18.52 355.86  12.92  21.63  
std       2.11  92.63   7.08   7.85  
min      12.60   0.32   1.98   5.00  
25%      17.40 375.91   7.35  16.70  
50%      19.10 391.77  11.68  20.90  
75%      20.20 396.32  17.12  24.60  
max      22.00 396.90  37.97  48.80  

Datatypes
CRIM       float64
ZN         float64
INDUS      float64
CHAS       float64
NOX        float64
RM         float64
AGE        float64
DIS        float64
RAD        float64
TAX        float64
PTRATIO    float64
B          float64
LSTAT      float64
MEDV       float64
dtype: object

PEARSON correlation
         CRIM    ZN  INDUS  CHAS   NOX    RM   AGE   DIS   RAD   TAX  PTRATIO  \
CRIM     1.00 -0.20   0.41 -0.06  0.42 -0.22  0.35 -0.38  0.63  0.58     0.29   
ZN      -0.20  1.00  -0.53 -0.05 -0.51  0.31 -0.56  0.67 -0.31 -0.30    -0.38   
INDUS    0.41 -0.53   1.00  0.04  0.77 -0.41  0.64 -0.71  0.60  0.72     0.39   
CHAS    -0.06 -0.05   0.04  1.00  0.09  0.04  0.07 -0.08 -0.03 -0.07    -0.12   
NOX      0.42 -0.51   0.77  0.09  1.00 -0.32  0.73 -0.77  0.61  0.67     0.19   
RM      -0.22  0.31  -0.41  0.04 -0.32  1.00 -0.27  0.25 -0.20 -0.28    -0.29   
AGE      0.35 -0.56   0.64  0.07  0.73 -0.27  1.00 -0.74  0.45  0.50     0.27   
DIS     -0.38  0.67  -0.71 -0.08 -0.77  0.25 -0.74  1.00 -0.49 -0.53    -0.25   
RAD      0.63 -0.31   0.60 -0.03  0.61 -0.20  0.45 -0.49  1.00  0.91     0.46   
TAX      0.58 -0.30   0.72 -0.07  0.67 -0.28  0.50 -0.53  0.91  1.00     0.45   
PTRATIO  0.29 -0.38   0.39 -0.12  0.19 -0.29  0.27 -0.25  0.46  0.45     1.00   
B       -0.38  0.18  -0.36  0.04 -0.38  0.12 -0.28  0.30 -0.45 -0.45    -0.17   
LSTAT    0.46 -0.42   0.64 -0.01  0.61 -0.61  0.64 -0.54  0.51  0.57     0.36   
MEDV    -0.45  0.40  -0.60  0.08 -0.53  0.69 -0.49  0.37 -0.48 -0.58    -0.52   

            B  LSTAT  MEDV  
CRIM    -0.38   0.46 -0.45  
ZN       0.18  -0.42  0.40  
INDUS   -0.36   0.64 -0.60  
CHAS     0.04  -0.01  0.08  
NOX     -0.38   0.61 -0.53  
RM       0.12  -0.61  0.69  
AGE     -0.28   0.64 -0.49  
DIS      0.30  -0.54  0.37  
RAD     -0.45   0.51 -0.48  
TAX     -0.45   0.57 -0.58  
PTRATIO -0.17   0.36 -0.52  
B        1.00  -0.36  0.37  
LSTAT   -0.36   1.00 -0.76  
MEDV     0.37  -0.76  1.00  

SPEARMAN correlation
         CRIM    ZN  INDUS  CHAS   NOX    RM   AGE   DIS   RAD   TAX  PTRATIO  \
CRIM     1.00 -0.57   0.73  0.02  0.81 -0.32  0.70 -0.74  0.72  0.72     0.47   
ZN      -0.57  1.00  -0.64 -0.04 -0.64  0.36 -0.54  0.62 -0.27 -0.35    -0.44   
INDUS    0.73 -0.64   1.00  0.07  0.80 -0.43  0.67 -0.76  0.45  0.65     0.44   
CHAS     0.02 -0.04   0.07  1.00  0.06  0.02  0.05 -0.05  0.01 -0.08    -0.14   
NOX      0.81 -0.64   0.80  0.06  1.00 -0.32  0.79 -0.88  0.58  0.64     0.40   
RM      -0.32  0.36  -0.43  0.02 -0.32  1.00 -0.29  0.29 -0.10 -0.26    -0.28   
AGE      0.70 -0.54   0.67  0.05  0.79 -0.29  1.00 -0.80  0.41  0.51     0.36   
DIS     -0.74  0.62  -0.76 -0.05 -0.88  0.29 -0.80  1.00 -0.49 -0.57    -0.33   
RAD      0.72 -0.27   0.45  0.01  0.58 -0.10  0.41 -0.49  1.00  0.70     0.31   
TAX      0.72 -0.35   0.65 -0.08  0.64 -0.26  0.51 -0.57  0.70  1.00     0.45   
PTRATIO  0.47 -0.44   0.44 -0.14  0.40 -0.28  0.36 -0.33  0.31  0.45     1.00   
B       -0.35  0.16  -0.28 -0.03 -0.29  0.06 -0.21  0.23 -0.27 -0.32    -0.08   
LSTAT    0.67 -0.51   0.68  0.01  0.67 -0.63  0.71 -0.63  0.42  0.56     0.46   
MEDV    -0.61  0.46  -0.63  0.09 -0.61  0.62 -0.61  0.52 -0.38 -0.61    -0.56   

            B  LSTAT  MEDV  
CRIM    -0.35   0.67 -0.61  
ZN       0.16  -0.51  0.46  
INDUS   -0.28   0.68 -0.63  
CHAS    -0.03   0.01  0.09  
NOX     -0.29   0.67 -0.61  
RM       0.06  -0.63  0.62  
AGE     -0.21   0.71 -0.61  
DIS      0.23  -0.63  0.52  
RAD     -0.27   0.42 -0.38  
TAX     -0.32   0.56 -0.61  
PTRATIO -0.08   0.46 -0.56  
B        1.00  -0.23  0.22  
LSTAT   -0.23   1.00 -0.85  
MEDV     0.22  -0.85  1.00  

KENDALL correlation
         CRIM    ZN  INDUS  CHAS   NOX    RM   AGE   DIS   RAD   TAX  PTRATIO  \
CRIM     1.00 -0.46   0.52  0.02  0.59 -0.22  0.49 -0.54  0.56  0.54     0.32   
ZN      -0.46  1.00  -0.53 -0.04 -0.51  0.28 -0.42  0.48 -0.22 -0.27    -0.36   
INDUS    0.52 -0.53   1.00  0.06  0.62 -0.30  0.48 -0.57  0.35  0.47     0.34   
CHAS     0.02 -0.04   0.06  1.00  0.05  0.02  0.04 -0.04  0.01 -0.07    -0.12   
NOX      0.59 -0.51   0.62  0.05  1.00 -0.22  0.59 -0.69  0.43  0.44     0.29   
RM      -0.22  0.28  -0.30  0.02 -0.22  1.00 -0.20  0.20 -0.07 -0.19    -0.20   
AGE      0.49 -0.42   0.48  0.04  0.59 -0.20  1.00 -0.61  0.30  0.35     0.26   
DIS     -0.54  0.48  -0.57 -0.04 -0.69  0.20 -0.61  1.00 -0.35 -0.38    -0.23   
RAD      0.56 -0.22   0.35  0.01  0.43 -0.07  0.30 -0.35  1.00  0.55     0.25   
TAX      0.54 -0.27   0.47 -0.07  0.44 -0.19  0.35 -0.38  0.55  1.00     0.28   
PTRATIO  0.32 -0.36   0.34 -0.12  0.29 -0.20  0.26 -0.23  0.25  0.28     1.00   
B       -0.26  0.12  -0.19 -0.03 -0.19  0.04 -0.15  0.16 -0.21 -0.24    -0.04   
LSTAT    0.48 -0.40   0.49  0.01  0.48 -0.46  0.52 -0.45  0.31  0.40     0.32   
MEDV    -0.44  0.36  -0.45  0.07 -0.43  0.47 -0.43  0.36 -0.27 -0.44    -0.39   

            B  LSTAT  MEDV  
CRIM    -0.26   0.48 -0.44  
ZN       0.12  -0.40  0.36  
INDUS   -0.19   0.49 -0.45  
CHAS    -0.03   0.01  0.07  
NOX     -0.19   0.48 -0.43  
RM       0.04  -0.46  0.47  
AGE     -0.15   0.52 -0.43  
DIS      0.16  -0.45  0.36  
RAD     -0.21   0.31 -0.27  
TAX     -0.24   0.40 -0.44  
PTRATIO -0.04   0.32 -0.39  
B        1.00  -0.16  0.15  
LSTAT   -0.16   1.00 -0.66  
MEDV     0.15  -0.66  1.00  
Missing Values
CRIM       False
ZN         False
INDUS      False
CHAS       False
NOX        False
RM         False
AGE        False
DIS        False
RAD        False
TAX        False
PTRATIO    False
B          False
LSTAT      False
MEDV       False
dtype: bool